7430
2792
9135
359
682
8731
715
2152
1819
8139
8595
3912
8665
1829
5571
4436
3445
1061
6030
5178
2629
2033
8160
3475
703
5517
8641
1163
7648
3173
7677
1942
6775
6081
9531
5134
2718
3021
9085
8326
8109
9784
347
136
3711
996
6306
7909
3395
2987
9468
2299
3472
4810
197
752
89
2169
6433
7117
5950
8447
2836
3405
630
7540
6981
1102
6749
2595
1461
8676
2362
9036
4202
5855
5521
1891
2503
1212
512
6800
9741
1073
6239
7468
267
2143
6885
1478
3750
2807
6024
9321
1404
6976
2421
1793
1185
3970
6773
7102
3994
2997
2724
1233
4150
7666
7321
404
5850
2789
7040
3478
2444
2464
1624
8356
860
7722
9046
1407
1038
4184
730
857
6620
2271
1970
5077
6625
4375
4633
3875
4468
1959
3978
8881
1978
4249
3910
7918
9329
296
1961
7
782
7366
7174
5676
7733
5726
9489
6029
8372
4490
4039
6531
9826
7604
3622
919
8156
9342
6361
351
7402
3129
2831
839
9808
9336
8787
8841
3735
3977
943
3654
8354
1518
606
3124
4155
2296
6153
5770
4424
1541
836
100
5181
623
269
4566
7118
3676
3520
8137
2438
6694
3965
4299
5806
4882
6755
4437
835
9298
7298
5510
1383
1723
1411
3753
8049
8741
1436
594
4771
5414
2371
7199
887
7207
3825
9387
7792
7226
2049
4194
9355
4873
8207
6570
6118
4921
7618
8239
3349
9040
5999
556
2218
4086
5322
2802
3045
972
4332
719
1668
8894
5269
350
6895
3290
6384
8849
3071
7338
676
2025
6393
817
6286
5972
3774
2198
5527
7408
2478
3098
3237
1305
8455
7123
7494
6299
2509
1354
51
1504
9271
2788
7065
6035
3747
2897
7416
7080
8284
8550
8220
6796
4360
523
7923
4708
1832
2616
6790
1320
3209
6062
5494
3260
5605
1454
3344
147
9144
5658
6174
437
2364
633
4088
2072
117
3197
1989
900
3416
119
1585
4048
146
1774
9816
294
4110
551
9909
1965
4561
3795
9188
7194
1876
610
2431
505
6198
5926
1324
8050
7619
104
5417
7492
6004
498
3595
5450
4628
3877
5697
6360
6914
5341
6091
2740
5209
8128
825
5224
7560
6549
3572
9935
6370
7958
4883
5352
2911
3432
3414
1528
7218
2118
6403
1999
4940
3574
5239
1645
9841
98
8955
5792
6797
3940
2293
8408
4801
3535
2211
6577
2309
6703
991
7659
3936
9537
873
2622
5045
8624
525
2003
9150
7966
8835
3121
1716
2880
9240
4531
1490
4342
4272
121
6789
3986
9323
6647
4603
6567
9525
5997
8112
1701
2808
2538
2113
7515
6963
2194
3294
6810
6726
6296
8439
2455
9886
1135
1030
2732
1520
4941
1755
3232
7998
1421
4100
1905
2506
1282
4391
6792
649
8342
1921
3511
4654
2631
5325
2905
9956
7229
1094
5931
7138
1101
6560
3983
5884
1394
2829
8122
8026
321
1051
8369
6139
7089
348
3932
1285
4908
1710
513
6991
4210
9695
9131
3246
2123
4914
1830
5370
2197
2645
3865
7665
2059
1110
6690
5096
4712
3691
620
2634
302
3284
5032
5164
1884
8657
4301
195
9952
2073
6432
9730
880
4582
2700
4528
862
3161
4343
5074
3765
9161
2564
3941
870
4309
9442
1505
1928
3764
6838
3832
1410
7827
6307
7357
5816
2392
441
608
3457
1079
480
9463
8914
7754
1222
3285
874
8191
1533
7006
2721
7308
2604
1442
9792
2945
9408
822
2231
6561
4389
2627
497
1378
4285
9647
5245
7313
6257
4728
9237
635
4525
1231
9227
7925
2339
6645
5075
1005
1907
378
2331
7280
2147
6906
1750
1827
9581
6943
4702
8368
6583
5836
6539
3653
614
2860
3885
9100
1569
2536
8103
1155
5628
650
1254
5985
3775
893
5421
1289
5592
1697
6346
6142
8070
3138
7729
9306
1880
8405
7379
5433
2344
8936
8675
3126
807
3105
4766
2307
648
6977
2353
341
5736
7242
863
3360
9694
3328
2952
5301
4109
9460
5537
6320
2095
9781
7147
4236
7609
7009
7012
9236
507
4214
8491
6712
56
2124
6863
671
884
4199
452
5386
9090
1017
5590
133
1892
1597
7368
226
9057
2615
4167
2951
1513
1580
3143
5673
4517
1930
3715
2912
5359
2735
4006
9392
1082
188
2761
6100
975
6814
984
1590
7582
7057
7132
6730
2999
598
7185
7699
7297
672
8068
2495
4538
3446
6884
8213
6711
9563
5653
6401
7738
2570
6398
2418
3378
1105
4121
4975
5951
8086
3333
14
6095
5004
2015
3019
5933
5166
868
6483
4814
8621
6176
2376
2575
8058
3112
4619
4640
5833
8436
5177
1693
3125
9702
8897
8175
8313
8924
8827
5357
832
9119
9505
1817
1272
9875
2839
2168
7782
3545
2202
9138
8711
6355
8872
4645
5102
6275
1680
4472
6932
3778
7173
920
1364
2755
9919
8038
6619
2481
7154
5612
2116
4779
1393
8663
4509
185
1764
6487
5842
1642
7327
1920
4630
4159
2183
243
6237
5623
9577
5620
265
9356
3818
2405
6420
2669
5422
7133
1450
2582
1047
9142
798
7629
9275
8808
3440
8071
3247
2762
2195
3291
8840
2192
1154
5548
1797
5693
4450
5626
7059
2671
6128
2543
816
6738
5016
8794
5153
4723
637
8650
2992
1304
1834
6927
2602
9565
2322
6436
7577
6311
3684
4849
968
787
3787
7314
2786
4171
3422
69
1873
2539
1312
2925
1246
2001
5971
4911
1129
3317
2695
7444
7990
6764
5852
5838
4050
7506
1014
2024
2830
7385
892
5369
3018
6861
3539
6266
3908
1839
1244
9757
9852
1346
8919
2312
5909
4606
7360
8167
8714
474
8205
5832
7202
3952
5709
7355
7563
9247
1190
6836
1315
6044
263
9782
4052
33
4157
3950
2203
6379
6937
6975
3062
6349
2959
3909
4969
1367
6950
2105
3178
1318
4838
5416
7942
6783
3502
1709
8544
218
1474
4412
4995
1641
2308
4666
2127
5270
2279
2767
1971
7653
2895
3167
1943
6383
3754
9456
7339
3401
3598
842
1325
2653
8093
3804
3544
9640
