9998
9987
9927
9916
9911
9897
9892
9888
9875
9874
9865
9853
9839
9821
9798
9783
9779
9761
9745
9731
9694
9692
9666
9656
9624
9620
9612
9585
9579
9542
9508
9497
9493
9489
9459
9431
9427
9409
9400
9374
9350
9344
9340
9329
9327
9321
9311
9309
9301
9298
9296
9290
9284
9278
9273
9262
9245
9214
9212
9205
9183
9166
9138
9105
9096
9092
9090
9089
9064
9059
9045
9044
9027
8992
8986
8960
8932
8903
8893
8866
8863
8857
8852
8835
8830
8797
8796
8786
8772
8748
8731
8727
8719
8696
8694
8681
8678
8673
8667
8661
8650
8620
8613
8602
8594
8592
8587
8577
8574
8561
8538
8531
8512
8501
8489
8481
8470
8459
8458
8451
8440
8436
8423
8410
8407
8391
8389
8380
8376
8368
8356
8350
8339
8337
8334
8297
8288
8214
8188
8182
8180
8164
8137
8134
8116
8115
8105
8098
8097
8074
8046
8044
8036
8035
8022
8020
8010
7977
7970
7937
7914
7909
7893
7888
7865
7864
7854
7838
7835
7806
7764
7748
7736
7731
7728
7718
7716
7701
7693
7691
7685
7681
7670
7665
7652
7642
7640
7628
7626
7602
7601
7570
7565
7552
7550
7540
7507
7497
7481
7477
7458
7446
7429
7412
7391
7381
7379
7368
7358
7356
7343
7327
7325
7323
7312
7302
7283
7280
7266
7242
7228
7222
7219
7218
7209
7199
7193
7188
7185
7179
7169
7143
7133
7092
7082
7052
7042
7027
7006
7002
6976
6958
6948
6926
6886
6881
6874
6872
6869
6865
6858
6851
6846
6830
6825
6807
6799
6775
6760
6755
6751
6745
6732
6726
6714
6712
6708
6706
6703
6674
6661
6641
6637
6634
6610
6604
6582
6578
6564
6545
6541
6540
6525
6518
6495
6469
6447
6437
6428
6426
6404
6403
6393
6381
6377
6363
6360
6358
6341
6337
6329
6326
6316
6306
6303
6300
6294
6293
6256
6249
6232
6227
6225
6217
6213
6210
6209
6170
6159
6152
6150
6126
6123
6119
6117
6112
6111
6104
6102
6094
6070
6068
6064
6059
6031
6021
6013
6008
6001
5996
5993
5982
5980
5968
5959
5952
5950
5941
5931
5930
5914
5913
5911
5886
5881
5853
5843
5839
5818
5806
5804
5798
5791
5764
5758
5757
5755
5746
5732
5728
5703
5669
5663
5660
5642
5630
5618
5583
5582
5581
5571
5566
5558
5549
5516
5498
5491
5464
5455
5435
5431
5364
5358
5353
5342
5331
5328
5321
5304
5263
5249
5226
5222
5216
5213
5198
5195
5179
5165
5156
5148
5120
5119
5068
5063
5059
5058
5052
5050
5042
5039
5037
5031
5028
5011
4983
4980
4967
4958
4957
4955
4952
4940
4931
4930
4929
4925
4924
4917
4910
4907
4873
4867
4861
4839
4827
4824
4810
4797
4772
4756
4755
4747
4743
4729
4702
4681
4680
4668
4663
4655
4648
4636
4626
4615
4614
4608
4605
4586
4579
4571
4569
4522
4509
4474
4469
4451
4432
4431
4423
4410
4397
4388
4383
4362
4346
4332
4312
4307
4303
4295
4293
4292
4291
4273
4246
4240
4239
4205
4173
4168
4163
4159
4147
4144
4143
4139
4134
4119
4117
4108
4097
4074
4063
4047
4027
4018
4010
3995
3993
3989
3974
3967
3964
3949
3931
3926
3924
3920
3913
3908
3907
3899
3896
3885
3882
3878
3849
3841
3837
3823
3815
3803
3796
3779
3757
3750
3745
3738
3730
3721
3697
3694
3673
3671
3670
3664
3637
3635
3628
3621
3611
3604
3579
3570
3566
3536
3527
3519
3515
3496
3491
3482
3474
3473
3442
3441
3439
3437
3433
3432
3405
3389
3386
3376
3370
3369
3335
3325
3319
3298
3297
3296
3280
3279
3259
3256
3252
3248
3230
3226
3220
3213
3204
3182
3178
3173
3165
3147
3132
3131
3116
3102
3101
3100
3087
3086
3085
3082
3077
3062
3061
3060
3053
3044
3039
3034
3033
3007
2983
2975
2969
2960
2955
2952
2946
2941
2939
2922
2921
2906
2893
2885
2879
2873
2857
2852
2842
2838
2824
2817
2798
2774
2771
2770
2766
2752
2751
2747
2741
2734
2725
2719
2718
2717
2710
2695
2663
2661
2660
2624
2621
2619
2618
2614
2600
2589
2572
2571
2561
2558
2552
2541
2535
2508
2488
2478
2460
2454
2428
2424
2416
2398
2396
2379
2367
2364
2353
2352
2341
2325
2321
2317
2316
2308
2292
2291
2288
2285
2255
2253
2243
2239
2213
2211
2192
2164
2158
2146
2144
2137
2131
2128
2122
2120
2107
2088
2084
2072
2071
2069
2065
2064
2063
2055
2050
2045
2044
2016
2015
2014
2012
1995
1985
1983
1971
1958
1935
1930
1923
1918
1909
1908
1907
1906
1891
1886
1870
1858
1857
1855
1850
1840
1821
1820
1815
1792
1788
1783
1780
1778
1760
1757
1748
1747
1743
1736
1718
1711
1697
1679
1675
1664
1650
1648
1646
1639
1638
1629
1619
1613
1605
1599
1585
1582
1575
1569
1550
1546
1532
1531
1523
1520
1519
1510
1497
1479
1464
1461
1459
1452
1448
1433
1428
1427
1424
1419
1412
1400
1398
1397
1393
1367
1357
1355
1347
1342
1325
1310
1309
1303
1297
1287
1281
1258
1252
1244
1237
1235
1229
1209
1202
1199
1195
1182
1170
1157
1153
1149
1141
1140
1129
1121
1120
1115
1111
1106
1098
1096
1080
1074
1071
1070
1066
1061
1056
1040
1039
1036
1012
1001
994
970
961
956
950
939
936
931
925
924
915
909
906
903
881
867
860
859
855
843
832
819
815
809
798
793
778
777
755
744
718
714
711
709
706
691
687
678
671
664
657
650
642
640
635
620
614
613
612
597
586
585
584
576
563
560
551
548
525
523
514
512
511
501
482
467
466
462
448
447
445
444
439
430
429
428
426
425
418
410
400
393
392
345
339
338
335
329
322
312
305
302
281
276
259
257
255
241
237
236
233
202
197
179
177
166
161
152
150
141
138
128
118
87
76
64
62
57
50
44
41
36
31
30
29
26
19
17
8
