5
11
27
29
48
83
87
107
117
118
126
151
152
186
228
230
236
266
272
273
280
289
316
323
328
330
342
374
393
396
401
421
426
434
452
475
484
495
501
516
530
533
538
553
554
566
573
592
607
611
617
634
661
667
670
690
695
697
705
709
710
716
722
723
737
754
758
759
761
769
771
776
782
802
822
826
830
833
840
857
875
885
904
928
937
942
945
948
949
954
955
956
958
961
965
968
969
981
1003
1005
1022
1023
1024
1033
1036
1051
1060
1063
1072
1074
1096
1100
1127
1128
1139
1140
1143
1147
1152
1158
1165
1166
1188
1194
1206
1209
1210
1219
1233
1249
1255
1261
1274
1277
1286
1287
1300
1311
1314
1322
1323
1324
1343
1346
1349
1351
1362
1367
1372
1395
1397
1398
1404
1410
1416
1417
1430
1434
1442
1443
1451
1455
1457
1460
1470
1474
1488
1492
1505
1511
1516
1542
1551
1568
1586
1604
1608
1622
1638
1668
1670
1674
1686
1707
1717
1733
1745
1749
1751
1765
1769
1776
1780
1789
1806
1814
1815
1817
1829
1851
1852
1857
1859
1861
1869
1896
1898
1900
1901
1910
1912
1920
1921
1926
1953
1964
1967
1975
1980
1993
1997
2003
2013
2026
2030
2038
2040
2048
2052
2105
2109
2111
2121
2122
2131
2134
2136
2158
2167
2172
2174
2175
2180
2181
2185
2202
2212
2216
2235
2238
2266
2276
2285
2306
2319
2334
2346
2347
2359
2365
2380
2385
2408
2409
2411
2423
2443
2470
2494
2506
2507
2520
2523
2537
2546
2556
2567
2573
2593
2601
2616
2630
2632
2645
2649
2663
2670
2681
2682
2686
2691
2693
2705
2707
2715
2721
2726
2733
2734
2741
2757
2761
2767
2773
2790
2795
2806
2829
2835
2850
2858
2862
2876
2879
2882
2904
2910
2919
2921
2923
2933
2952
2978
2979
2981
2984
2986
3001
3002
3010
3020
3040
3046
3048
3056
3068
3075
3096
3107
3111
3114
3125
3129
3133
3142
3144
3148
3151
3157
3176
3178
3192
3207
3220
3231
3235
3238
3243
3248
3251
3276
3288
3297
3301
3305
3307
3326
3327
3354
3357
3361
3369
3393
3396
3410
3411
3419
3426
3442
3464
3473
3487
3500
3508
3519
3526
3529
3549
3563
3579
3590
3592
3601
3615
3623
3625
3634
3660
3662
3664
3668
3675
3683
3705
3708
3717
3718
3724
3727
3735
3738
3746
3749
3759
3774
3805
3810
3811
3821
3843
3858
3867
3875
3877
3888
3928
3934
3938
3967
3978
3983
4005
4009
4018
4025
4042
4048
4049
4050
4067
4102
4128
4134
4144
4149
4162
4175
4199
4202
4239
4258
4259
4260
4264
4266
4279
4309
4312
4324
4345
4352
4355
4356
4363
4365
4373
4382
4389
4396
4402
4406
4409
4420
4430
4432
4435
4437
4438
4442
4443
4444
4452
4466
4472
4477
4486
4488
4511
4518
4527
4529
4536
4545
4546
4548
4552
4556
4559
4572
4581
4592
4603
4618
4625
4626
4635
4639
4645
4660
4695
4697
4734
4750
4755
4775
4798
4817
4840
4859
4860
4883
4884
4906
4910
4914
4915
4916
4918
4937
4959
4962
4966
4967
4973
4995
4996
5003
5004
5022
5024
5030
5036
5037
5043
5071
5072
5074
5078
5080
5084
5090
5096
5118
5129
5153
5183
5212
5231
5242
5246
5248
5250
5257
5262
5298
5304
5310
5311
5313
5320
5321
5331
5335
5337
5339
5372
5385
5400
5445
5456
5466
5468
5470
5475
5482
5507
5524
5531
5536
5562
5563
5564
5566
5570
5581
5585
5600
5611
5612
5620
5637
5639
5640
5651
5654
5659
5675
5681
5686
5720
5737
5738
5752
5753
5758
5764
5788
5795
5848
5849
5874
5883
5891
5905
5906
5932
5936
5940
5959
5963
5964
5965
5970
5997
6003
6018
6021
6023
6028
6036
6044
6049
6058
6073
6078
6082
6089
6109
6127
6137
6143
6151
6156
6166
6195
6198
6205
6208
6216
6218
6251
6261
6263
6276
6319
6320
6328
6330
6336
6341
6351
6357
6358
6414
6425
6427
6432
6447
6448
6450
6456
6458
6495
6498
6504
6507
6511
6542
6545
6553
6555
6564
6567
6574
6582
6586
6601
6605
6618
6642
6646
6659
6662
6664
6666
6690
6691
6729
6730
6750
6753
6767
6782
6787
6816
6828
6833
6848
6850
6852
6880
6891
6897
6900
6912
6918
6923
6938
6941
6942
6958
6965
6986
7002
7009
7014
7031
7040
7046
7068
7084
7098
7104
7118
7121
7153
7163
7168
7169
7171
7176
7186
7192
7207
7216
7218
7229
7235
7236
7251
7253
7263
7297
7314
7318
7319
7324
7334
7335
7352
7375
7377
7387
7391
7403
7411
7412
7417
7430
7441
7442
7447
7452
7455
7456
7457
7478
7488
7497
7503
7521
7523
7539
7558
7561
7565
7574
7595
7612
7627
7628
7671
7674
7685
7727
7741
7752
7753
7756
7771
7772
7774
7781
7783
7785
7799
7827
7854
7877
7891
7921
7930
7943
7946
7947
7948
7949
7951
7961
7962
7968
7992
7998
8025
8032
8049
8070
8075
8093
8100
8112
8130
8132
8134
8157
8162
8164
8174
8188
8231
8233
8242
8284
8328
8330
8350
8362
8401
8406
8417
8426
8427
8438
8454
8456
8468
8483
8489
8491
8492
8509
8544
8546
8566
8571
8574
8578
8583
8590
8599
8602
8606
8611
8618
8622
8648
8650
8665
8673
8677
8681
8684
8727
8734
8752
8759
8785
8796
8813
8866
8868
8885
8890
8893
8912
8920
8921
8922
8926
8951
8953
8960
8964
8968
8987
8988
9004
9009
9033
9036
9086
9116
9120
9130
9136
9139
9144
9150
9154
9175
9203
9221
9238
9239
9246
9273
9292
9297
9299
9302
9310
9328
9345
9349
9376
9377
9381
9398
9402
9429
9431
9439
9453
9467
9476
9484
9520
9521
9528
9553
9554
9556
9559
9573
9576
9612
9636
9637
9658
9672
9686
9699
9705
9707
9711
9722
9731
9739
9756
9768
9772
9781
9793
9812
9821
9825
9858
9881
9885
9898
9907
9923
9927
9933
9934
9945
9946
9948
9959
9972
